20578580 0  28 50 17 50 2147549183 1 0
211903330 0  3 2 3 2 4278190335 0 0
251410329 0  0 0 0 1 4278190335 0 0
489294145 0  72 58 35 57 4278190335 0 0
509746656 0  0 0 0 0 4278190335 0 0
659634846 0  0 1 0 0 4278190335 0 0
773696918 0  14 21 9 21 4294902015 0 0
851306772 0  32 44 4 44 15790335 0 0
861104917 0  0 2 0 2 4278190335 0 0
914751395 0  1 0 1 0 4278190335 0 0
Blendokster 4 3237 50 73 36 72 4278190335 1 0
Blendokster002 4 3237 35 49 12 49 4278190335 0 0
Nuni 0  163 229 84 227 4278235007 0 0
Petr 9 000111000 514 380 370 371 1077952767 1 0
Petr1 9 000111000 0 1 0 1 4278190335 0 0
player 9 000111000 6 9 7 8 4278190335 0 0
